Precision: 0.08917771883289125
Recall: 0.09079125033756413
F1: 0.08997725143851197
Accuracy: 0.5546108661995959
