Precision: 0.09875793541264147
Recall: 0.09662435862813935
F1: 0.09767949767949767
Accuracy: 0.562087622397943
