Precision: 0.9827844207011222
Recall: 0.9553510043320435
F1: 0.9688597300576548
Accuracy: 0.9702980858210507
