Precision: 0.9911143013273632
Recall: 0.9559921276915351
F1: 0.9732325002650134
Accuracy: 0.9745725561370815
