Precision: 0.9874702088025955
Recall: 0.9767436114861278
F1: 0.9820730980264942
Accuracy: 0.982759929856666
