Precision: 0.9881256243824896
Recall: 0.9758270846398137
F1: 0.9819358816791475
Accuracy: 0.9826437208547736
