Precision: 0.989000568238156
Recall: 0.9725593690604999
F1: 0.9806771922980525
Accuracy: 0.9814685625139422
