Precision: 0.9889909331108717
Recall: 0.9727963754759834
F1: 0.9807891280843783
Accuracy: 0.9815977431094789
